lambda(um)	Q_abs_mix_sili
4.430000e-02	7.577115e-01
4.474677e-02	7.556490e-01
4.519804e-02	7.533575e-01
4.565387e-02	7.504412e-01
4.611429e-02	7.473024e-01
4.657936e-02	7.439405e-01
4.704911e-02	7.404076e-01
4.752361e-02	7.366351e-01
4.800289e-02	7.326977e-01
4.848700e-02	7.286285e-01
4.897600e-02	7.249512e-01
4.946992e-02	7.212862e-01
4.996883e-02	7.180914e-01
5.047277e-02	7.148445e-01
5.098179e-02	7.109348e-01
5.149595e-02	7.065963e-01
5.201529e-02	7.014916e-01
5.253986e-02	6.957156e-01
5.306973e-02	6.889717e-01
5.360495e-02	6.812502e-01
5.414556e-02	6.736052e-01
5.469162e-02	6.648861e-01
5.524319e-02	6.548440e-01
5.580032e-02	6.433258e-01
5.636307e-02	6.288256e-01
5.693149e-02	6.092579e-01
5.750565e-02	5.862992e-01
5.808560e-02	5.616387e-01
5.867140e-02	5.345558e-01
5.926310e-02	5.058680e-01
5.986078e-02	4.768590e-01
6.046448e-02	4.476499e-01
6.107427e-02	4.193883e-01
6.169021e-02	3.920945e-01
6.231236e-02	3.715181e-01
6.294078e-02	3.587027e-01
6.357554e-02	3.488225e-01
6.421671e-02	3.421922e-01
6.486434e-02	3.383251e-01
6.551850e-02	3.362721e-01
6.617926e-02	3.346571e-01
6.684668e-02	3.341454e-01
6.752083e-02	3.370121e-01
6.820179e-02	3.414056e-01
6.888961e-02	3.460200e-01
6.958436e-02	3.540164e-01
7.028613e-02	3.617586e-01
7.099497e-02	3.697697e-01
7.171096e-02	3.784942e-01
7.243417e-02	3.871301e-01
7.316467e-02	3.954602e-01
7.390254e-02	4.039027e-01
7.464786e-02	4.133635e-01
7.540069e-02	4.228491e-01
7.616111e-02	4.323283e-01
7.692920e-02	4.420177e-01
7.770504e-02	4.526805e-01
7.848870e-02	4.662025e-01
7.928026e-02	4.786012e-01
8.007981e-02	4.899134e-01
8.088742e-02	4.996526e-01
8.170318e-02	5.087541e-01
8.252716e-02	5.168803e-01
8.335945e-02	5.229495e-01
8.420014e-02	5.274811e-01
8.504930e-02	5.312482e-01
8.590703e-02	5.358632e-01
8.677341e-02	5.415707e-01
8.764853e-02	5.466740e-01
8.853247e-02	5.500775e-01
8.942532e-02	5.556458e-01
9.032719e-02	5.591862e-01
9.123814e-02	5.618698e-01
9.215829e-02	5.679372e-01
9.308771e-02	5.730495e-01
9.402650e-02	5.764708e-01
9.497477e-02	5.802901e-01
9.593260e-02	5.837749e-01
9.690008e-02	5.868419e-01
9.787733e-02	5.897594e-01
9.886443e-02	5.922393e-01
9.986148e-02	5.947462e-01
1.008686e-01	5.970237e-01
1.018859e-01	5.996547e-01
1.029134e-01	6.031424e-01
1.039513e-01	6.080805e-01
1.049996e-01	6.145833e-01
1.060586e-01	6.225548e-01
1.071282e-01	6.305778e-01
1.082086e-01	6.387495e-01
1.092999e-01	6.456376e-01
1.104022e-01	6.512689e-01
1.115156e-01	6.550778e-01
1.126402e-01	6.575625e-01
1.137762e-01	6.588280e-01
1.149236e-01	6.589884e-01
1.160827e-01	6.591610e-01
1.172534e-01	6.593887e-01
1.184359e-01	6.597403e-01
1.196303e-01	6.602968e-01
1.208368e-01	6.614102e-01
1.220554e-01	6.648101e-01
1.232864e-01	6.690608e-01
1.245297e-01	6.740428e-01
1.257856e-01	6.807664e-01
1.270542e-01	6.871424e-01
1.283355e-01	6.919434e-01
1.296298e-01	6.941332e-01
1.309371e-01	6.949584e-01
1.322576e-01	6.952557e-01
1.335915e-01	6.957339e-01
1.349387e-01	6.975967e-01
1.362996e-01	6.972399e-01
1.376742e-01	6.917876e-01
1.390627e-01	6.757104e-01
1.404651e-01	6.549486e-01
1.418817e-01	6.325036e-01
1.433126e-01	6.140482e-01
1.447579e-01	6.036099e-01
1.462178e-01	6.002555e-01
1.476924e-01	6.065691e-01
1.491819e-01	6.165771e-01
1.506864e-01	6.275692e-01
1.522061e-01	6.373265e-01
1.537411e-01	6.465867e-01
1.552916e-01	6.552139e-01
1.568577e-01	6.631849e-01
1.584397e-01	6.716571e-01
1.600375e-01	6.821077e-01
1.616515e-01	6.914159e-01
1.632818e-01	6.994709e-01
1.649285e-01	7.062916e-01
1.665918e-01	7.121257e-01
1.682719e-01	7.174190e-01
1.699690e-01	7.223145e-01
1.716831e-01	7.265204e-01
1.734145e-01	7.303854e-01
1.751634e-01	7.340804e-01
1.769300e-01	7.376372e-01
1.787143e-01	7.409930e-01
1.805167e-01	7.441813e-01
1.823372e-01	7.472953e-01
1.841761e-01	7.503286e-01
1.860335e-01	7.532777e-01
1.879097e-01	7.560773e-01
1.898048e-01	7.588737e-01
1.917190e-01	7.615282e-01
1.936525e-01	7.641064e-01
1.956055e-01	7.666700e-01
1.975781e-01	7.691520e-01
1.995707e-01	7.715155e-01
2.015834e-01	7.737456e-01
2.036164e-01	7.757899e-01
2.056699e-01	7.778177e-01
2.077441e-01	7.797861e-01
2.098392e-01	7.817230e-01
2.119554e-01	7.835074e-01
2.140930e-01	7.852654e-01
2.162522e-01	7.869958e-01
2.184331e-01	7.887606e-01
2.206360e-01	7.905292e-01
2.228611e-01	7.922547e-01
2.251087e-01	7.939636e-01
2.273790e-01	7.956687e-01
2.296721e-01	7.973481e-01
2.319883e-01	7.989621e-01
2.343280e-01	8.004808e-01
2.366912e-01	8.019639e-01
2.390782e-01	8.034044e-01
2.414894e-01	8.047559e-01
2.439248e-01	8.060466e-01
2.463848e-01	8.073113e-01
2.488696e-01	8.085525e-01
2.513795e-01	8.096696e-01
2.539147e-01	8.106915e-01
2.564754e-01	8.117071e-01
2.590620e-01	8.126877e-01
2.616746e-01	8.136554e-01
2.643136e-01	8.146091e-01
2.669793e-01	8.155488e-01
2.696718e-01	8.164830e-01
2.723914e-01	8.174104e-01
2.751385e-01	8.183120e-01
2.779133e-01	8.192095e-01
2.807161e-01	8.200874e-01
2.835471e-01	8.209573e-01
2.864067e-01	8.218065e-01
2.892952e-01	8.226347e-01
2.922127e-01	8.234722e-01
2.951597e-01	8.243229e-01
2.981364e-01	8.251466e-01
3.011431e-01	8.259393e-01
3.041802e-01	8.266756e-01
3.072479e-01	8.274138e-01
3.103465e-01	8.281398e-01
3.134764e-01	8.288471e-01
3.166378e-01	8.295577e-01
3.198311e-01	8.302528e-01
3.230566e-01	8.309368e-01
3.263147e-01	8.316269e-01
3.296056e-01	8.323062e-01
3.329297e-01	8.329811e-01
3.362873e-01	8.336619e-01
3.396788e-01	8.343452e-01
3.431045e-01	8.350132e-01
3.465647e-01	8.356924e-01
3.500598e-01	8.363669e-01
3.535902e-01	8.369993e-01
3.571562e-01	8.376315e-01
3.607582e-01	8.382561e-01
3.643964e-01	8.388754e-01
3.680714e-01	8.395003e-01
3.717834e-01	8.401292e-01
3.755329e-01	8.407431e-01
3.793202e-01	8.413590e-01
3.831456e-01	8.419802e-01
3.870097e-01	8.425957e-01
3.909127e-01	8.432027e-01
3.948551e-01	8.438002e-01
3.988372e-01	8.444013e-01
4.028595e-01	8.449901e-01
4.069224e-01	8.455815e-01
4.110263e-01	8.461763e-01
4.151715e-01	8.467559e-01
4.193585e-01	8.473458e-01
4.235878e-01	8.479332e-01
4.278597e-01	8.485077e-01
4.321747e-01	8.490795e-01
4.365332e-01	8.496855e-01
4.409357e-01	8.502928e-01
4.453826e-01	8.508683e-01
4.498743e-01	8.514420e-01
4.544113e-01	8.520202e-01
4.589941e-01	8.526025e-01
4.636230e-01	8.531889e-01
4.682987e-01	8.537775e-01
4.730215e-01	8.543474e-01
4.777920e-01	8.549384e-01
4.826106e-01	8.555173e-01
4.874777e-01	8.560974e-01
4.923940e-01	8.566722e-01
4.973598e-01	8.572494e-01
5.023757e-01	8.578344e-01
5.074422e-01	8.584062e-01
5.125598e-01	8.590030e-01
5.177290e-01	8.595919e-01
5.229504e-01	8.601787e-01
5.282244e-01	8.607657e-01
5.335515e-01	8.613512e-01
5.389324e-01	8.619379e-01
5.443676e-01	8.625358e-01
5.498576e-01	8.631412e-01
5.554030e-01	8.637498e-01
5.610042e-01	8.643449e-01
5.666620e-01	8.649484e-01
5.723768e-01	8.655500e-01
5.781493e-01	8.661575e-01
5.839800e-01	8.667732e-01
5.898695e-01	8.673810e-01
5.958183e-01	8.679928e-01
6.018272e-01	8.686096e-01
6.078967e-01	8.692314e-01
6.140274e-01	8.698573e-01
6.202199e-01	8.704881e-01
6.264749e-01	8.711236e-01
6.327929e-01	8.717587e-01
6.391747e-01	8.723927e-01
6.456208e-01	8.730409e-01
6.521319e-01	8.736735e-01
6.587087e-01	8.743187e-01
6.653518e-01	8.749586e-01
6.720620e-01	8.756011e-01
6.788398e-01	8.762488e-01
6.856859e-01	8.768853e-01
6.926011e-01	8.775387e-01
6.995860e-01	8.781970e-01
7.066414e-01	8.788604e-01
7.137680e-01	8.795286e-01
7.209664e-01	8.802032e-01
7.282374e-01	8.808937e-01
7.355817e-01	8.815797e-01
7.430001e-01	8.822628e-01
7.504933e-01	8.829439e-01
7.580621e-01	8.836421e-01
7.657072e-01	8.843275e-01
7.734294e-01	8.850320e-01
7.812295e-01	8.857456e-01
7.891083e-01	8.864638e-01
7.970665e-01	8.871811e-01
8.051050e-01	8.878960e-01
8.132245e-01	8.886238e-01
8.214259e-01	8.893307e-01
8.297101e-01	8.900726e-01
8.380778e-01	8.908086e-01
8.465298e-01	8.915564e-01
8.550672e-01	8.922994e-01
8.636906e-01	8.930370e-01
8.724010e-01	8.937913e-01
8.811992e-01	8.945677e-01
8.900861e-01	8.953265e-01
8.990627e-01	8.960755e-01
9.081298e-01	8.968500e-01
9.172884e-01	8.976251e-01
9.265393e-01	8.983954e-01
9.358835e-01	8.991831e-01
9.453220e-01	8.999703e-01
9.548556e-01	9.007587e-01
9.644854e-01	9.015533e-01
9.742123e-01	9.023304e-01
9.840373e-01	9.031306e-01
9.939614e-01	9.039496e-01
1.003986e+00	9.047644e-01
1.014111e+00	9.055838e-01
1.024338e+00	9.064205e-01
1.034669e+00	9.072414e-01
1.045104e+00	9.080801e-01
1.055643e+00	9.089140e-01
1.066290e+00	9.097692e-01
1.077043e+00	9.106130e-01
1.087905e+00	9.114602e-01
1.098877e+00	9.123509e-01
1.109959e+00	9.131778e-01
1.121153e+00	9.140845e-01
1.132460e+00	9.149300e-01
1.143881e+00	9.158472e-01
1.155417e+00	9.166945e-01
1.167070e+00	9.176085e-01
1.178840e+00	9.184812e-01
1.190728e+00	9.194137e-01
1.202737e+00	9.203123e-01
1.214867e+00	9.212270e-01
1.227119e+00	9.221626e-01
1.239494e+00	9.230675e-01
1.251995e+00	9.240281e-01
1.264621e+00	9.249087e-01
1.277375e+00	9.258672e-01
1.290257e+00	9.267453e-01
1.303270e+00	9.277159e-01
1.316413e+00	9.286197e-01
1.329689e+00	9.296066e-01
1.343099e+00	9.305682e-01
1.356645e+00	9.315125e-01
1.370327e+00	9.325834e-01
1.384146e+00	9.334498e-01
1.398106e+00	9.345581e-01
1.412206e+00	9.353899e-01
1.426448e+00	9.365137e-01
1.440834e+00	9.374567e-01
1.455365e+00	9.384421e-01
1.470042e+00	9.395950e-01
1.484868e+00	9.404839e-01
1.499843e+00	9.416473e-01
1.514969e+00	9.424945e-01
1.530247e+00	9.436201e-01
1.545680e+00	9.445359e-01
1.561268e+00	9.456197e-01
1.577014e+00	9.465867e-01
1.592918e+00	9.475301e-01
1.608983e+00	9.486333e-01
1.625209e+00	9.494664e-01
1.641600e+00	9.505297e-01
1.658155e+00	9.516117e-01
1.674878e+00	9.523248e-01
1.691769e+00	9.536407e-01
1.708831e+00	9.546300e-01
1.726064e+00	9.553312e-01
1.743472e+00	9.570782e-01
1.761055e+00	9.576192e-01
1.778815e+00	9.587941e-01
1.796755e+00	9.604738e-01
1.814875e+00	9.609073e-01
1.833178e+00	9.623016e-01
1.851666e+00	9.637492e-01
1.870340e+00	9.644071e-01
1.889203e+00	9.656100e-01
1.908256e+00	9.674917e-01
1.927501e+00	9.684332e-01
1.946940e+00	9.698452e-01
1.966575e+00	9.720223e-01
1.986408e+00	9.726304e-01
2.006441e+00	9.737213e-01
2.026676e+00	9.756017e-01
2.047115e+00	9.759538e-01
2.067760e+00	9.771008e-01
2.088614e+00	9.786948e-01
2.109678e+00	9.789542e-01
2.130954e+00	9.802406e-01
2.152445e+00	9.816894e-01
2.174152e+00	9.823405e-01
2.196079e+00	9.836033e-01
2.218226e+00	9.848872e-01
2.240597e+00	9.861142e-01
2.263194e+00	9.869469e-01
2.286018e+00	9.881647e-01
2.309073e+00	9.905838e-01
2.332360e+00	9.910916e-01
2.355882e+00	9.920527e-01
2.379642e+00	9.958727e-01
2.403640e+00	9.965595e-01
2.427881e+00	9.966153e-01
2.452367e+00	1.001248e+00
2.477099e+00	1.003077e+00
2.502081e+00	1.002649e+00
2.527314e+00	1.006163e+00
2.552803e+00	1.008894e+00
2.578548e+00	1.009491e+00
2.604553e+00	1.010500e+00
2.630820e+00	1.014299e+00
2.657352e+00	1.017730e+00
2.684151e+00	1.018291e+00
2.711221e+00	1.029112e+00
2.738564e+00	1.037191e+00
2.766183e+00	1.053819e+00
2.794080e+00	1.071035e+00
2.822258e+00	1.086437e+00
2.850721e+00	1.099881e+00
2.879471e+00	1.109606e+00
2.908511e+00	1.108148e+00
2.937843e+00	1.095489e+00
2.967471e+00	1.083549e+00
2.997399e+00	1.069383e+00
3.027628e+00	1.047842e+00
3.058161e+00	1.017229e+00
3.089003e+00	9.949207e-01
3.120156e+00	9.867918e-01
3.151623e+00	9.822528e-01
3.183407e+00	9.823093e-01
3.215512e+00	9.889038e-01
3.247941e+00	9.971702e-01
3.280697e+00	1.005538e+00
3.313783e+00	1.013187e+00
3.347203e+00	1.019773e+00
3.380959e+00	1.025228e+00
3.415057e+00	1.029722e+00
3.449498e+00	1.033042e+00
3.484286e+00	1.031924e+00
3.519425e+00	1.031804e+00
3.554919e+00	1.033873e+00
3.590771e+00	1.033457e+00
3.626984e+00	1.029782e+00
3.663562e+00	1.035010e+00
3.700510e+00	1.042262e+00
3.737830e+00	1.039882e+00
3.775526e+00	1.038865e+00
3.813602e+00	1.048201e+00
3.852063e+00	1.057969e+00
3.890911e+00	1.059988e+00
3.930151e+00	1.059120e+00
3.969787e+00	1.062487e+00
4.009823e+00	1.068957e+00
4.050262e+00	1.075199e+00
4.091109e+00	1.079425e+00
4.132368e+00	1.081666e+00
4.174044e+00	1.082497e+00
4.216139e+00	1.083833e+00
4.258659e+00	1.088740e+00
4.301608e+00	1.096529e+00
4.344990e+00	1.103201e+00
4.388810e+00	1.106844e+00
4.433071e+00	1.108404e+00
4.477779e+00	1.109858e+00
4.522938e+00	1.112127e+00
4.568552e+00	1.113896e+00
4.614626e+00	1.116421e+00
4.661165e+00	1.116685e+00
4.708173e+00	1.110854e+00
4.755656e+00	1.103510e+00
4.803617e+00	1.101726e+00
4.852062e+00	1.107898e+00
4.900995e+00	1.116955e+00
4.950422e+00	1.121921e+00
5.000347e+00	1.116981e+00
5.050776e+00	1.112149e+00
5.101714e+00	1.114983e+00
5.153165e+00	1.124414e+00
5.205135e+00	1.134244e+00
5.257629e+00	1.141519e+00
5.310653e+00	1.145973e+00
5.364211e+00	1.149633e+00
5.418309e+00	1.153365e+00
5.472953e+00	1.156317e+00
5.528149e+00	1.159630e+00
5.583900e+00	1.167917e+00
5.640214e+00	1.180856e+00
5.697096e+00	1.193481e+00
5.754552e+00	1.203537e+00
5.812587e+00	1.210780e+00
5.871208e+00	1.216547e+00
5.930419e+00	1.221393e+00
5.990228e+00	1.227343e+00
6.050640e+00	1.234662e+00
6.111661e+00	1.240100e+00
6.173297e+00	1.244732e+00
6.235556e+00	1.248614e+00
6.298442e+00	1.251210e+00
6.361962e+00	1.252503e+00
6.426123e+00	1.253377e+00
6.490931e+00	1.255613e+00
6.556392e+00	1.260907e+00
6.622514e+00	1.269305e+00
6.689303e+00	1.279077e+00
6.756765e+00	1.287349e+00
6.824907e+00	1.291654e+00
6.893737e+00	1.293504e+00
6.963261e+00	1.297004e+00
7.033486e+00	1.305849e+00
7.104419e+00	1.319135e+00
7.176068e+00	1.333715e+00
7.248439e+00	1.347806e+00
7.321540e+00	1.358282e+00
7.395378e+00	1.367220e+00
7.469961e+00	1.373003e+00
7.545296e+00	1.374231e+00
7.621391e+00	1.377649e+00
7.698253e+00	1.385487e+00
7.775891e+00	1.390072e+00
7.854311e+00	1.386100e+00
7.933523e+00	1.376959e+00
8.013533e+00	1.366586e+00
8.094350e+00	1.356954e+00
8.175982e+00	1.348168e+00
8.258437e+00	1.340766e+00
8.341724e+00	1.335325e+00
8.425851e+00	1.331607e+00
8.510827e+00	1.328158e+00
8.596659e+00	1.324095e+00
8.683357e+00	1.319231e+00
8.770929e+00	1.313766e+00
8.859385e+00	1.308346e+00
8.948732e+00	1.303373e+00
9.038981e+00	1.299012e+00
9.130140e+00	1.295463e+00
9.222218e+00	1.292820e+00
9.315225e+00	1.290857e+00
9.409169e+00	1.289067e+00
9.504062e+00	1.287359e+00
9.599911e+00	1.285745e+00
9.696727e+00	1.284434e+00
9.794519e+00	1.283420e+00
9.893297e+00	1.282386e+00
9.993072e+00	1.281221e+00
1.009385e+01	1.278508e+00
1.019565e+01	1.274062e+00
1.029847e+01	1.268198e+00
1.040233e+01	1.261745e+00
1.050724e+01	1.254189e+00
1.061321e+01	1.246142e+00
1.072024e+01	1.236874e+00
1.082836e+01	1.227250e+00
1.093756e+01	1.215118e+00
1.104787e+01	1.201194e+00
1.115929e+01	1.187278e+00
1.127183e+01	1.173968e+00
1.138551e+01	1.161847e+00
1.150033e+01	1.152461e+00
1.161631e+01	1.142053e+00
1.173346e+01	1.132680e+00
1.185180e+01	1.124346e+00
1.197132e+01	1.119656e+00
1.209206e+01	1.118268e+00
1.221401e+01	1.118241e+00
1.233718e+01	1.120048e+00
1.246161e+01	1.121633e+00
1.258728e+01	1.126412e+00
1.271423e+01	1.133491e+00
1.284245e+01	1.142239e+00
1.297197e+01	1.152293e+00
1.310279e+01	1.163090e+00
1.323493e+01	1.174978e+00
1.336841e+01	1.187740e+00
1.350323e+01	1.202208e+00
1.363941e+01	1.217871e+00
1.377696e+01	1.235342e+00
1.391591e+01	1.252898e+00
1.405625e+01	1.270380e+00
1.419801e+01	1.287886e+00
1.434120e+01	1.305256e+00
1.448583e+01	1.322081e+00
1.463192e+01	1.336904e+00
1.477948e+01	1.350251e+00
1.492853e+01	1.362205e+00
1.507909e+01	1.372992e+00
1.523116e+01	1.382891e+00
1.538477e+01	1.391517e+00
1.553993e+01	1.398323e+00
1.569665e+01	1.403562e+00
1.585495e+01	1.407415e+00
1.601485e+01	1.410466e+00
1.617636e+01	1.412492e+00
1.633950e+01	1.412925e+00
1.650429e+01	1.411700e+00
1.667073e+01	1.409368e+00
1.683886e+01	1.406841e+00
1.700868e+01	1.404274e+00
1.718021e+01	1.401820e+00
1.735348e+01	1.398670e+00
1.752849e+01	1.395265e+00
1.770526e+01	1.391575e+00
1.788382e+01	1.388158e+00
1.806418e+01	1.384892e+00
1.824636e+01	1.381066e+00
1.843038e+01	1.375981e+00
1.861625e+01	1.370507e+00
1.880399e+01	1.365933e+00
1.899363e+01	1.360350e+00
1.918519e+01	1.355044e+00
1.937867e+01	1.349451e+00
1.957411e+01	1.343363e+00
1.977151e+01	1.338274e+00
1.997091e+01	1.333953e+00
2.017232e+01	1.332900e+00
2.037576e+01	1.334037e+00
2.058125e+01	1.334785e+00
2.078881e+01	1.335075e+00
2.099847e+01	1.334331e+00
2.121024e+01	1.333435e+00
2.142415e+01	1.333004e+00
2.164021e+01	1.332306e+00
2.185845e+01	1.331075e+00
2.207890e+01	1.328499e+00
2.230157e+01	1.325692e+00
2.252648e+01	1.323015e+00
2.275366e+01	1.320646e+00
2.298313e+01	1.318290e+00
2.321492e+01	1.315110e+00
2.344904e+01	1.311431e+00
2.368553e+01	1.307152e+00
2.392440e+01	1.303260e+00
2.416568e+01	1.299737e+00
2.440939e+01	1.295414e+00
2.465556e+01	1.290372e+00
2.490421e+01	1.285617e+00
2.515538e+01	1.281849e+00
2.540907e+01	1.279274e+00
2.566532e+01	1.276558e+00
2.592416e+01	1.274449e+00
2.618561e+01	1.272274e+00
2.644969e+01	1.270505e+00
2.671644e+01	1.269253e+00
2.698587e+01	1.268410e+00
2.725803e+01	1.268138e+00
2.753293e+01	1.267696e+00
2.781060e+01	1.268057e+00
2.809107e+01	1.268836e+00
2.837437e+01	1.270107e+00
2.866053e+01	1.271567e+00
2.894957e+01	1.272859e+00
2.924153e+01	1.274711e+00
2.953643e+01	1.277432e+00
2.983431e+01	1.279944e+00
3.013519e+01	1.283805e+00
3.043911e+01	1.287561e+00
3.074609e+01	1.292110e+00
3.105617e+01	1.296952e+00
3.136937e+01	1.300959e+00
3.168573e+01	1.305252e+00
3.200529e+01	1.310024e+00
3.232806e+01	1.315286e+00
3.265409e+01	1.320342e+00
3.298341e+01	1.325766e+00
3.331605e+01	1.331369e+00
3.365205e+01	1.336353e+00
3.399143e+01	1.341408e+00
3.433424e+01	1.346539e+00
3.468050e+01	1.351531e+00
3.503025e+01	1.355939e+00
3.538354e+01	1.360145e+00
3.574038e+01	1.364006e+00
3.610083e+01	1.367792e+00
3.646491e+01	1.371399e+00
3.683266e+01	1.374337e+00
3.720412e+01	1.376614e+00
3.757932e+01	1.378983e+00
3.795831e+01	1.380275e+00
3.834113e+01	1.380484e+00
3.872780e+01	1.380590e+00
3.911837e+01	1.380132e+00
3.951288e+01	1.378902e+00
3.991138e+01	1.377591e+00
4.031388e+01	1.375961e+00
4.072045e+01	1.373327e+00
4.113112e+01	1.370029e+00
4.154593e+01	1.364542e+00
4.196493e+01	1.358395e+00
4.238815e+01	1.351663e+00
4.281563e+01	1.343719e+00
4.324743e+01	1.331514e+00
4.368359e+01	1.317109e+00
4.412414e+01	1.295932e+00
4.456913e+01	1.273832e+00
4.501862e+01	1.238949e+00
4.547263e+01	1.202636e+00
4.593123e+01	1.156746e+00
4.639445e+01	1.110378e+00
4.686234e+01	1.068618e+00
4.733495e+01	1.034987e+00
4.781233e+01	1.017014e+00
4.829452e+01	1.007899e+00
4.878157e+01	1.003122e+00
4.927354e+01	1.005432e+00
4.977046e+01	1.006888e+00
5.027240e+01	1.007702e+00
5.077940e+01	1.008311e+00
5.129152e+01	1.008784e+00
5.180880e+01	1.006128e+00
5.233129e+01	1.003388e+00
5.285906e+01	1.000049e+00
5.339214e+01	9.947121e-01
5.393061e+01	9.873137e-01
5.447450e+01	9.800189e-01
5.502388e+01	9.737283e-01
5.557880e+01	9.708536e-01
5.613932e+01	9.701149e-01
5.670549e+01	9.712210e-01
5.727737e+01	9.740673e-01
5.785501e+01	9.776867e-01
5.843849e+01	9.814990e-01
5.902784e+01	9.834133e-01
5.962314e+01	9.803658e-01
6.022445e+01	9.721975e-01
6.083181e+01	9.617531e-01
6.144531e+01	9.502728e-01
6.206499e+01	9.381246e-01
6.269092e+01	9.260607e-01
6.332316e+01	9.138834e-01
6.396178e+01	9.017583e-01
6.460684e+01	8.899150e-01
6.525840e+01	8.788210e-01
6.591654e+01	8.682471e-01
6.658131e+01	8.581938e-01
6.725279e+01	8.492019e-01
6.793104e+01	8.409451e-01
6.861613e+01	8.333923e-01
6.930813e+01	8.266493e-01
7.000711e+01	8.208802e-01
7.071313e+01	8.160023e-01
7.142628e+01	8.127842e-01
7.214662e+01	8.098902e-01
7.287422e+01	8.073651e-01
7.360917e+01	8.066044e-01
7.435152e+01	8.066196e-01
7.510136e+01	8.073949e-01
7.585876e+01	8.097382e-01
7.662381e+01	8.120026e-01
7.739656e+01	8.144130e-01
7.817711e+01	8.173035e-01
7.896553e+01	8.206892e-01
7.976191e+01	8.245427e-01
8.056631e+01	8.284915e-01
8.137883e+01	8.327495e-01
8.219954e+01	8.371660e-01
8.302853e+01	8.417258e-01
8.386588e+01	8.461793e-01
8.471167e+01	8.505176e-01
8.556600e+01	8.545072e-01
8.642894e+01	8.580956e-01
8.730058e+01	8.608681e-01
8.818101e+01	8.628526e-01
8.907032e+01	8.639436e-01
8.996860e+01	8.640535e-01
9.087594e+01	8.627625e-01
9.179244e+01	8.594128e-01
9.271817e+01	8.546201e-01
9.365324e+01	8.481845e-01
9.459774e+01	8.399378e-01
9.555176e+01	8.292672e-01
9.651541e+01	8.167076e-01
9.748878e+01	8.018956e-01
9.847196e+01	7.855961e-01
9.946506e+01	7.673815e-01
1.004682e+02	7.468035e-01
1.014814e+02	7.244270e-01
1.025048e+02	7.011514e-01
1.035386e+02	6.767324e-01
1.045828e+02	6.523895e-01
1.056375e+02	6.269181e-01
1.067029e+02	6.009576e-01
1.077790e+02	5.749961e-01
1.088660e+02	5.492062e-01
1.099639e+02	5.236363e-01
1.110729e+02	4.983244e-01
1.121931e+02	4.730494e-01
1.133245e+02	4.490690e-01
1.144674e+02	4.258128e-01
1.156218e+02	4.029716e-01
1.167879e+02	3.808863e-01
1.179657e+02	3.599286e-01
1.191554e+02	3.400540e-01
1.203571e+02	3.209679e-01
1.215709e+02	3.036565e-01
1.227969e+02	2.868709e-01
1.240354e+02	2.710507e-01
1.252863e+02	2.562730e-01
1.265498e+02	2.422620e-01
1.278261e+02	2.289133e-01
1.291152e+02	2.163226e-01
1.304173e+02	2.045138e-01
1.317326e+02	1.935693e-01
1.330611e+02	1.831194e-01
1.344031e+02	1.732188e-01
1.357585e+02	1.639191e-01
1.371277e+02	1.551529e-01
1.385106e+02	1.468832e-01
1.399075e+02	1.391399e-01
1.413185e+02	1.318698e-01
1.427437e+02	1.249838e-01
1.441833e+02	1.184817e-01
1.456374e+02	1.123894e-01
1.471061e+02	1.066466e-01
1.485897e+02	1.012181e-01
1.500882e+02	9.610211e-02
1.516019e+02	9.129544e-02
1.531308e+02	8.673086e-02
1.546751e+02	8.238490e-02
1.562350e+02	7.833222e-02
1.578107e+02	7.448993e-02
1.594022e+02	7.085898e-02
1.610098e+02	6.756063e-02
1.626336e+02	6.450329e-02
1.642738e+02	6.157697e-02
1.659305e+02	5.882670e-02
1.676039e+02	5.623525e-02
1.692942e+02	5.373602e-02
1.710016e+02	5.139279e-02
1.727261e+02	4.917760e-02
1.744681e+02	4.706215e-02
1.762276e+02	4.504496e-02
1.780049e+02	4.313674e-02
1.798001e+02	4.132419e-02
1.816134e+02	3.960892e-02
1.834449e+02	3.795982e-02
1.852950e+02	3.639006e-02
1.871637e+02	3.490370e-02
1.890513e+02	3.348816e-02
1.909579e+02	3.213172e-02
1.928837e+02	3.085043e-02
1.948289e+02	2.962084e-02
1.967938e+02	2.843558e-02
1.987785e+02	2.731882e-02
2.007832e+02	2.624881e-02
2.028081e+02	2.523104e-02
2.048534e+02	2.425788e-02
2.069194e+02	2.331394e-02
2.090062e+02	2.242268e-02
2.111140e+02	2.159213e-02
2.132431e+02	2.082259e-02
2.153937e+02	2.008106e-02
2.175660e+02	1.936806e-02
2.197601e+02	1.868408e-02
2.219764e+02	1.803005e-02
2.242151e+02	1.740455e-02
2.264763e+02	1.680078e-02
2.287603e+02	1.622424e-02
2.310674e+02	1.566857e-02
2.333977e+02	1.513578e-02
2.357516e+02	1.462290e-02
2.381291e+02	1.413173e-02
2.405307e+02	1.366240e-02
2.429565e+02	1.320921e-02
2.454067e+02	1.277129e-02
2.478816e+02	1.235162e-02
2.503815e+02	1.194950e-02
2.529067e+02	1.156127e-02
2.554572e+02	1.118503e-02
2.580336e+02	1.082362e-02
2.606358e+02	1.047874e-02
2.632644e+02	1.014501e-02
2.659194e+02	9.824240e-03
2.686012e+02	9.513381e-03
2.713101e+02	9.213778e-03
2.740463e+02	8.924630e-03
2.768101e+02	8.645950e-03
2.796017e+02	8.378007e-03
2.824215e+02	8.119929e-03
2.852697e+02	7.868506e-03
2.881467e+02	7.625860e-03
2.910527e+02	7.391671e-03
2.939880e+02	7.168252e-03
2.969529e+02	6.950268e-03
2.999477e+02	6.739514e-03
3.029727e+02	6.549083e-03
3.060282e+02	6.363740e-03
3.091145e+02	6.182119e-03
3.122319e+02	6.011278e-03
3.153808e+02	5.842481e-03
3.185614e+02	5.680879e-03
3.217742e+02	5.524548e-03
3.250193e+02	5.372641e-03
3.282971e+02	5.225202e-03
3.316080e+02	5.082333e-03
3.349523e+02	4.946153e-03
3.383303e+02	4.812281e-03
3.417424e+02	4.683541e-03
3.451889e+02	4.556318e-03
3.486702e+02	4.434731e-03
3.521865e+02	4.318309e-03
3.557384e+02	4.204357e-03
3.593260e+02	4.093863e-03
3.629499e+02	3.986710e-03
3.666102e+02	3.882047e-03
3.703075e+02	3.779794e-03
3.740421e+02	3.681842e-03
3.778143e+02	3.586573e-03
3.816246e+02	3.493621e-03
3.854733e+02	3.403699e-03
3.893609e+02	3.315883e-03
3.932876e+02	3.231162e-03
3.972539e+02	3.149479e-03
4.012603e+02	3.070117e-03
4.053070e+02	2.991751e-03
4.093946e+02	2.915479e-03
4.135233e+02	2.842527e-03
4.176938e+02	2.772258e-03
4.219062e+02	2.702041e-03
4.261612e+02	2.633735e-03
4.304591e+02	2.567141e-03
4.348003e+02	2.503272e-03
4.391853e+02	2.441359e-03
4.436145e+02	2.380834e-03
4.480884e+02	2.321623e-03
4.526074e+02	2.264085e-03
4.571719e+02	2.208960e-03
4.617826e+02	2.153734e-03
4.664397e+02	2.100877e-03
4.711437e+02	2.048873e-03
4.758953e+02	1.998175e-03
4.806947e+02	1.949041e-03
4.855426e+02	1.901166e-03
4.904393e+02	1.854204e-03
4.953854e+02	1.808351e-03
5.003814e+02	1.764904e-03
5.054278e+02	1.724969e-03
5.105251e+02	1.685902e-03
5.156737e+02	1.647746e-03
5.208744e+02	1.610581e-03
5.261274e+02	1.574423e-03
5.314334e+02	1.539087e-03
5.367930e+02	1.504584e-03
5.422066e+02	1.471197e-03
5.476748e+02	1.438427e-03
5.531981e+02	1.406483e-03
5.587772e+02	1.375327e-03
5.644125e+02	1.344668e-03
5.701046e+02	1.314460e-03
5.758542e+02	1.285389e-03
5.816617e+02	1.257211e-03
5.875278e+02	1.229592e-03
5.934531e+02	1.202841e-03
5.994381e+02	1.176632e-03
6.054835e+02	1.150940e-03
6.115898e+02	1.125862e-03
6.177577e+02	1.101402e-03
6.239879e+02	1.077507e-03
6.302808e+02	1.054326e-03
6.366373e+02	1.031589e-03
6.430578e+02	1.009374e-03
6.495431e+02	9.876119e-04
6.560938e+02	9.663653e-04
6.627105e+02	9.456414e-04
6.693940e+02	9.253421e-04
6.761449e+02	9.055971e-04
6.829639e+02	8.862347e-04
6.898516e+02	8.673193e-04
6.968088e+02	8.487727e-04
7.038362e+02	8.306755e-04
7.109344e+02	8.130277e-04
7.181043e+02	7.957799e-04
7.253464e+02	7.789106e-04
7.326616e+02	7.623501e-04
7.400505e+02	7.462643e-04
7.475140e+02	7.304707e-04
7.550527e+02	7.150151e-04
7.626675e+02	6.999030e-04
7.703591e+02	6.851002e-04
7.781282e+02	6.706019e-04
7.859757e+02	6.564732e-04
7.939023e+02	6.426626e-04
8.019089e+02	6.290960e-04
8.099962e+02	6.158835e-04
8.181650e+02	6.029260e-04
8.264163e+02	5.900360e-04
8.347508e+02	5.773520e-04
8.431693e+02	5.651495e-04
8.516727e+02	5.532681e-04
8.602619e+02	5.416326e-04
8.689377e+02	5.302553e-04
8.777010e+02	5.190883e-04
8.865527e+02	5.082064e-04
8.954936e+02	4.975381e-04
9.045248e+02	4.870413e-04
9.136470e+02	4.767770e-04
9.228612e+02	4.667621e-04
9.321683e+02	4.569103e-04
9.415693e+02	4.472710e-04
9.510651e+02	4.378371e-04
9.606566e+02	4.286241e-04
9.703449e+02	4.195790e-04
9.801309e+02	4.106926e-04
9.900156e+02	4.020252e-04
1.000000e+03	3.934643e-04
